Begonia 0.00
Broom 0.91 0.00
Camellia 0.49 0.67 0.00
Dahlia 0.47 0.59 0.59 0.00
Forget-me-not 0.43 0.90 0.57 0.61 0.00
Fuchsia 0.23 0.79 0.29 0.52 0.44 0.00
Geranium 0.31 0.70 0.54 0.44 0.54 0.24 0.00
Gladiolus 0.49 0.57 0.71 0.26 0.49 0.68 0.49 0.00
Heather 0.57 0.57 0.57 0.89 0.50 0.61 0.70 0.77 0.00
Hydrangea 0.76 0.58 0.58 0.62 0.39 0.61 0.86 0.70 0.55 0.00
Iris 0.32 0.77 0.63 0.75 0.46 0.52 0.60 0.63 0.46 0.47 0.00
Lily 0.51 0.69 0.69 0.53 0.51 0.65 0.77 0.47 0.51 0.39 0.36 0.00
Lily-of-the-valley 0.59 0.75 0.75 0.77 0.35 0.63 0.72 0.65 0.35 0.41 0.45 0.24 0.00
Peony 0.37 0.68 0.68 0.38 0.52 0.48 0.63 0.49 0.52 0.39 0.37 0.17 0.39 0.00
Pink-carnation 0.74 0.54 0.70 0.58 0.54 0.74 0.50 0.49 0.36 0.52 0.60 0.48 0.39 0.49 0.00
Red-rose 0.84 0.41 0.75 0.37 0.82 0.71 0.61 0.64 0.81 0.43 0.84 0.62 0.67 0.47 0.45 0.00
Scotch-rose 0.94 0.20 0.70 0.48 0.77 0.83 0.74 0.45 0.77 0.38 0.80 0.58 0.62 0.57 0.40 0.21 0.00
Tulip 0.44 0.50 0.79 0.48 0.59 0.68 0.47 0.22 0.59 0.92 0.59 0.67 0.72 0.67 0.61 0.85 0.67 0.00