100 21 20 31 23 22 23 15 16 9 12 10 11
21 100 32 27 28 35 28 19 30 11 12 7 5
20 32 100 29 32 36 31 15 22 8 10 6 7
31 27 29 100 34 32 39 30 30 24 26 20 18
23 28 32 34 100 37 51 20 37 10 14 9 7
22 35 36 32 37 100 55 32 38 20 26 15 14
23 28 31 39 51 55 100 39 47 24 29 20 18
15 19 15 30 20 32 39 100 53 51 48 44 36
16 30 22 30 37 38 47 53 100 30 37 32 24
9 11 8 24 10 20 24 51 30 100 44 45 42
12 12 10 26 14 26 29 48 37 44 100 60 58
10 7 6 20 9 15 20 44 32 45 60 100 62
11 5 7 18 7 14 18 36 24 42 58 62 100