12 80 1.5 1.00 3.0 .25 2 0 1 
54 8 6.0 4.00 0 1.00 6 32 5 
11 13 .5 1.00 0 0 0 0 0 
21 13 2.0 2.50 1.0 0 1 0 5 
61 30 3.0 5.00 0 0 4 21 0 
20 70 0 2.00 3.0 0 2 0 3 
29 35 1.5 2.00 0 0 0 0 0 
29 35 2.0 3.00 2.0 0 0 0 0 
57 9 5.0 5.00 0 0 4 5 2 
23 33 2.0 2.00 1.0 0 2 1 7 
20 0 1.5 1.00 3.0 0 1 6 0 
27 41 1.1 .25 1.5 1.50 0 3 1 
18 500 2.0 1.00 1.5 .50 1 0 0 
30 19 2.0 2.00 4.0 1.00 2 0 5 
77 18 8.0 4.00 6.0 4.00 6 8 6 
21 500 5.0 1.00 3.0 4.00 1 0 5 
13 100 .5 .50 0 1.00 0 0 4 
24 100 2.0 3.00 0 .50 3 14 10 
29 90 2.0 1.50 1.5 1.50 2 0 2 
57 90 10.0 7.00 0 1.50 7 8 7 